
=======================================================================================================================================
IPv4 Statistics/Destinations and Ports:
Topic / Item            Count         Average       Min Val       Max Val       Rate (ms)     Percent       Burst Rate    Burst Start  
---------------------------------------------------------------------------------------------------------------------------------------
Destinations and Ports  2193824                                                 1,4692        100%          1,9800        9,767        
 224.244.224.245        2264                                                    0,0015        0,10%         0,0400        2,488        
  UDP                   2264                                                    0,0015        100,00%       0,0400        2,488        
   30490                2264                                                    0,0015        100,00%       0,0400        2,488        
 224.0.0.22             22                                                      0,0000        0,00%         0,0300        4,388        
  NONE                  22                                                      0,0000        100,00%       0,0300        4,388        
   0                    22                                                      0,0000        100,00%       0,0300        4,388        
 172.18.0.9             180429                                                  0,1208        8,22%         0,1500        4,400        
  UDP                   2245                                                    0,0015        1,24%         0,0300        4,402        
   30490                2245                                                    0,0015        100,00%       0,0300        4,402        
  TCP                   178184                                                  0,1193        98,76%        0,1500        386,661      
   41827                59385                                                   0,0398        33,33%        0,0600        307,788      
   38753                59415                                                   0,0398        33,34%        0,0600        386,775      
   34133                59384                                                   0,0398        33,33%        0,0600        48,080       
 172.18.0.8             131151                                                  0,0878        5,98%         0,1200        131,322      
  UDP                   747                                                     0,0005        0,57%         0,0100        3,486        
   30490                747                                                     0,0005        100,00%       0,0100        3,486        
  TCP                   130404                                                  0,0873        99,43%        0,1200        385,169      
   34501                130404                                                  0,0873        100,00%       0,1200        385,169      
 172.18.0.7             204254                                                  0,1368        9,31%         0,2300        385,864      
  UDP                   748                                                     0,0005        0,37%         0,0100        4,405        
   30490                748                                                     0,0005        100,00%       0,0100        4,405        
  TCP                   203506                                                  0,1363        99,63%        0,2300        385,864      
   46171                1                                                       0,0000        0,00%         0,0100        3,483        
   32959                203505                                                  0,1363        100,00%       0,2300        385,864      
 172.18.0.6             159710                                                  0,1070        7,28%         0,1400        3,856        
  UDP                   1497                                                    0,0010        0,94%         0,0200        3,484        
   30490                1497                                                    0,0010        100,00%       0,0200        3,484        
  TCP                   158213                                                  0,1060        99,06%        0,1300        104,011      
   37291                59386                                                   0,0398        37,54%        0,0600        307,788      
   36369                98827                                                   0,0662        62,46%        0,0900        386,346      
 172.18.0.5             420697                                                  0,2817        19,18%        0,3700        73,401       
  UDP                   3514                                                    0,0024        0,84%         0,0400        3,484        
   31098                530                                                     0,0004        15,08%        0,0100        10,287       
   30490                2984                                                    0,0020        84,92%        0,0400        3,484        
  TCP                   417183                                                  0,2794        99,16%        0,3600        385,165      
   30502                417183                                                  0,2794        100,00%       0,3600        385,165      
 172.18.0.4             180501                                                  0,1209        8,23%         0,2100        307,787      
  UDP                   2782                                                    0,0019        1,54%         0,0600        9,780        
   31099                541                                                     0,0004        19,45%        0,0100        12,287       
   30490                2241                                                    0,0015        80,55%        0,0600        9,780        
  TCP                   177719                                                  0,1190        98,46%        0,1700        307,787      
   30503                177719                                                  0,1190        100,00%       0,1700        307,787      
 172.18.0.3             99523                                                   0,0666        4,54%         0,0900        4,531        
  UDP                   749                                                     0,0005        0,75%         0,0200        4,402        
   30490                749                                                     0,0005        100,00%       0,0200        4,402        
  TCP                   98774                                                   0,0661        99,25%        0,0900        385,181      
   38743                98774                                                   0,0661        100,00%       0,0900        385,181      
 172.18.0.2             321531                                                  0,2153        14,66%        0,3100        9,780        
  UDP                   3612                                                    0,0024        1,12%         0,0600        9,780        
   60877                428                                                     0,0003        11,85%        0,0100        12,793       
   54977                541                                                     0,0004        14,98%        0,0100        12,292       
   33579                413                                                     0,0003        11,43%        0,0100        10,292       
   30490                2230                                                    0,0015        61,74%        0,0600        9,780        
  TCP                   317919                                                  0,2129        98,88%        0,2800        528,571      
   41621                129405                                                  0,0867        40,70%        0,1200        301,112      
   36809                129364                                                  0,0866        40,69%        0,1200        385,402      
   33609                59150                                                   0,0396        18,61%        0,0600        307,786      
 172.18.0.10            493742                                                  0,3306        22,51%        0,4700        9,774        
  UDP                   3558                                                    0,0024        0,72%         0,0500        4,401        
   31097                568                                                     0,0004        15,96%        0,0100        12,787       
   30490                2990                                                    0,0020        84,04%        0,0500        4,401        
  TCP                   490184                                                  0,3283        99,28%        0,4500        385,180      
   30501                490184                                                  0,3283        100,00%       0,4500        385,180      

---------------------------------------------------------------------------------------------------------------------------------------
